1 1
4 2
9 3
121 11
484 22
10201 101
12321 111
14641 121
40804 202
44944 212
1002001 1001
1234321 1111
4008004 2002
100020001 10001
102030201 10101
104060401 10201
121242121 11011
123454321 11111
125686521 11211
400080004 20002
404090404 20102
10000200001 100001
10221412201 101101
12102420121 110011
12345654321 111111
40000800004 200002
1000002000001 1000001
1002003002001 1001001
1004006004001 1002001
1020304030201 1010101
1022325232201 1011101
1024348434201 1012101
1210024200121 1100011
1212225222121 1101011
1214428244121 1102011
1232346432321 1110111
1234567654321 1111111
4000008000004 2000002
4004009004004 2001002
