100
21 484
39 161
811 881
3 109
199 657
121 302
753 990
21 584
334 757
3 65
1 6
484 584
121 484
195 477
87 143
101 690
356 570
3 9
1 121
114 636
3 484
196 305
1 302
255 554
743 938
4 122
1 10
8 742
384 584
417 673
3 104
4 121
68 303
233 916
237 438
122 483
1 122
3 121
120 485
76 472
2 48
384 484
4 6
10 120
120 302
1 9
120 484
100 1000
484 742
65 485
117 201
4 65
297 638
581 904
660 996
121 742
4 5
121 584
525 998
472 626
239 949
441 442
626 961
66 125
219 972
213 763
1 104
123 825
507 984
128 797
249 958
1 2
120 584
1 4
21 121
795 938
930 997
122 1000
1 101
303 485
495 810
121 121
1 1000
290 930
293 556
3 5
303 584
1 742
1 1
9 221
18 138
85 187
4 485
560 996
3 10
303 742
65 484
1 65
9 9
95 193
